--popit trading auto scam v2
--made by xd beaming dont copy this skid skid skid ass niggga
local Whitelist = {
    "Pellegurka500"
    "driego1245"

local Library = loadstring(game:HttpGet("https://raw.githubusercontent.com/xHeptc/Kavo-UI-Library/main/source.lua"))()
local Window = Library.CreateLib("auto scam v2 script", "BloodTheme")


local Tab = Window:NewTab("autoscamv2 BETTER MORE OP")


local Section = Tab:NewSection("popit trading auto scam")


Section:NewButton("scam board 1", "scam people", function()
    -- Script generated by SimpleSpy - credits to exx#9394

local args = {
    [1] = "Toilet Rainbow"
}

game:GetService("ReplicatedStorage").RemoteEvents.Equip:FireServer(unpack(args))
wait(0.1)
game.Players.LocalPlayer.Character.HumanoidRootPart.CFrame = CFrame.new(69.4401779, 27.4994335, -241.266205, -0.998027027, -0.00197040406, -0.0627578348, 0, 0.999507487, -0.0313814804, 0.0627887547, -0.0313195586, -0.997535467)
wait(0.1)

game:GetService("ReplicatedStorage").RemoteEvents.Jumped:FireServer()

wait(0.1)

game:GetService("ReplicatedStorage").RemoteEvents.Jumped:FireServer()


wait(0.3)
game.Players.LocalPlayer.Character.HumanoidRootPart.CFrame = CFrame.new(70.7659912, 19.8179626, -211.755722, -0.999991298, -0.000138883246, 0.00419149175, 2.91038305e-11, 0.999451518, 0.0331164002, -0.00419379212, 0.0331161097, -0.999442816)

-- Script generated by SimpleSpy - credits to exx#9394
wait(0.1)
game:GetService("ReplicatedStorage").RemoteEvents.Jumped:FireServer()

-- Script generated by SimpleSpy - credits to exx#9394
wait(0.1)
game:GetService("ReplicatedStorage").RemoteEvents.Jumped:FireServer()

-- Script generated by SimpleSpy - credits to exx#9394
wait(0.1)
game:GetService("ReplicatedStorage").RemoteEvents.Jumped:FireServer()
-- Script generated by SimpleSpy - credits to exx#9394
wait(0.1)
game:GetService("ReplicatedStorage").RemoteEvents.Jumped:FireServer()
-- Script generated by SimpleSpy - credits to exx#9394
wait(0.1)
game:GetService("ReplicatedStorage").RemoteEvents.Jumped:FireServer()
-- Script generated by SimpleSpy - credits to exx#9394
wait(0.1)
game:GetService("ReplicatedStorage").RemoteEvents.Jumped:FireServer()

-- Script generated by SimpleSpy - credits to exx#9394
wait(0.1)
game:GetService("ReplicatedStorage").RemoteEvents.Jumped:FireServer()

-- Script generated by SimpleSpy - credits to exx#9394
wait(0.1)
game:GetService("ReplicatedStorage").RemoteEvents.Jumped:FireServer()

-- Script generated by SimpleSpy - credits to exx#9394
wait(0.1)
game:GetService("ReplicatedStorage").RemoteEvents.Jumped:FireServer()
end)


Section:NewButton("fake jump for the scam to work", "scam jump", function()
    game:GetService"Players".LocalPlayer.Character:FindFirstChildOfClass'Humanoid':ChangeState("Jumping")
end)


Section:NewButton("scam board 2", "scam people", function()
    -- Script generated by SimpleSpy - credits to exx#9394

local args = {
    [1] = "Toilet Rainbow"
}

game:GetService("ReplicatedStorage").RemoteEvents.Equip:FireServer(unpack(args))
wait(0.1)
game.Players.LocalPlayer.Character.HumanoidRootPart.CFrame = CFrame.new(108.354843, 20.0179634, -242.371918, -0.9915815, 0.0159453433, -0.128498718, 0, 0.992388666, 0.123145044, 0.129484251, 0.12210834, -0.9840343)
wait(0.1)

game:GetService("ReplicatedStorage").RemoteEvents.Jumped:FireServer()

wait(0.1)

game:GetService("ReplicatedStorage").RemoteEvents.Jumped:FireServer()


wait(0.3)
game.Players.LocalPlayer.Character.HumanoidRootPart.CFrame = CFrame.new(109.107613, 20.0172806, -211.37764, -0.983978093, 0.0227159988, -0.176835969, -1.86264515e-09, 0.991850019, 0.127411112, 0.178289011, 0.125369743, -0.975958645)

-- Script generated by SimpleSpy - credits to exx#9394
wait(0.1)
game:GetService("ReplicatedStorage").RemoteEvents.Jumped:FireServer()

-- Script generated by SimpleSpy - credits to exx#9394
wait(0.1)
game:GetService("ReplicatedStorage").RemoteEvents.Jumped:FireServer()

-- Script generated by SimpleSpy - credits to exx#9394
wait(0.1)
game:GetService("ReplicatedStorage").RemoteEvents.Jumped:FireServer()
-- Script generated by SimpleSpy - credits to exx#9394
wait(0.1)
game:GetService("ReplicatedStorage").RemoteEvents.Jumped:FireServer()
-- Script generated by SimpleSpy - credits to exx#9394
wait(0.1)
game:GetService("ReplicatedStorage").RemoteEvents.Jumped:FireServer()
-- Script generated by SimpleSpy - credits to exx#9394
wait(0.1)
game:GetService("ReplicatedStorage").RemoteEvents.Jumped:FireServer()

-- Script generated by SimpleSpy - credits to exx#9394
wait(0.1)
game:GetService("ReplicatedStorage").RemoteEvents.Jumped:FireServer()

-- Script generated by SimpleSpy - credits to exx#9394
wait(0.1)
game:GetService("ReplicatedStorage").RemoteEvents.Jumped:FireServer()

-- Script generated by SimpleSpy - credits to exx#9394
wait(0.1)
game:GetService("ReplicatedStorage").RemoteEvents.Jumped:FireServer()
end)


Section:NewButton("jump scam", "fake jump", function()
    game:GetService"Players".LocalPlayer.Character:FindFirstChildOfClass'Humanoid':ChangeState("Jumping")
end)


Section:NewButton("scam board 3", "scam people", function()
    -- Script generated by SimpleSpy - credits to exx#9394

local args = {
    [1] = "Toilet Rainbow"
}

game:GetService("ReplicatedStorage").RemoteEvents.Equip:FireServer(unpack(args))
wait(0.1)
game.Players.LocalPlayer.Character.HumanoidRootPart.CFrame = CFrame.new(149.186523, 20.0179672, -239.261551, -0.997465193, -0.00052231038, 0.0711559132, -2.91038305e-11, 0.999973059, 0.00734016811, -0.0711578354, 0.00732156122, -0.997438371)
wait(0.1)

game:GetService("ReplicatedStorage").RemoteEvents.Jumped:FireServer()

wait(0.1)

game:GetService("ReplicatedStorage").RemoteEvents.Jumped:FireServer()


wait(0.3)
game.Players.LocalPlayer.Character.HumanoidRootPart.CFrame = CFrame.new(148.247223, 19.6171398, -212.075882, -0.94782275, 0.00782324933, -0.318702102, -4.65661287e-10, 0.999698818, 0.0245398264, 0.318798125, 0.0232594032, -0.947537303)

-- Script generated by SimpleSpy - credits to exx#9394
wait(0.1)
game:GetService("ReplicatedStorage").RemoteEvents.Jumped:FireServer()

-- Script generated by SimpleSpy - credits to exx#9394
wait(0.1)
game:GetService("ReplicatedStorage").RemoteEvents.Jumped:FireServer()

-- Script generated by SimpleSpy - credits to exx#9394
wait(0.1)
game:GetService("ReplicatedStorage").RemoteEvents.Jumped:FireServer()
-- Script generated by SimpleSpy - credits to exx#9394
wait(0.1)
game:GetService("ReplicatedStorage").RemoteEvents.Jumped:FireServer()
-- Script generated by SimpleSpy - credits to exx#9394
wait(0.1)
game:GetService("ReplicatedStorage").RemoteEvents.Jumped:FireServer()
-- Script generated by SimpleSpy - credits to exx#9394
wait(0.1)
game:GetService("ReplicatedStorage").RemoteEvents.Jumped:FireServer()

-- Script generated by SimpleSpy - credits to exx#9394
wait(0.1)
game:GetService("ReplicatedStorage").RemoteEvents.Jumped:FireServer()

-- Script generated by SimpleSpy - credits to exx#9394
wait(0.1)
game:GetService("ReplicatedStorage").RemoteEvents.Jumped:FireServer()

-- Script generated by SimpleSpy - credits to exx#9394
wait(0.1)
game:GetService("ReplicatedStorage").RemoteEvents.Jumped:FireServer()
end)


Section:NewButton("fake scam jump", "he is almost here", function()
    game:GetService"Players".LocalPlayer.Character:FindFirstChildOfClass'Humanoid':ChangeState("Jumping")
end)


Section:NewButton("scam board 4", "scam people", function()
    -- Script generated by SimpleSpy - credits to exx#9394

local args = {
    [1] = "Toilet Rainbow"
}

game:GetService("ReplicatedStorage").RemoteEvents.Equip:FireServer(unpack(args))
wait(0.1)
game.Players.LocalPlayer.Character.HumanoidRootPart.CFrame = CFrame.new(188.706833, 20.0179634, -238.503464, -0.999718845, -0.00298063364, -0.0235349871, 3.49245965e-10, 0.992075443, -0.125643313, 0.0237229802, -0.125607967, -0.991796553)
wait(0.1)

game:GetService("ReplicatedStorage").RemoteEvents.Jumped:FireServer()

wait(0.1)

game:GetService("ReplicatedStorage").RemoteEvents.Jumped:FireServer()


wait(0.3)
game.Players.LocalPlayer.Character.HumanoidRootPart.CFrame = CFrame.new(189.798767, 20.0173569, -210.427887, -0.998362482, -0.0013021112, -0.0571898036, 5.82076609e-11, 0.999740899, -0.0227623433, 0.0572046228, -0.022725068, -0.998103857)

-- Script generated by SimpleSpy - credits to exx#9394
wait(0.1)
game:GetService("ReplicatedStorage").RemoteEvents.Jumped:FireServer()

-- Script generated by SimpleSpy - credits to exx#9394
wait(0.1)
game:GetService("ReplicatedStorage").RemoteEvents.Jumped:FireServer()

-- Script generated by SimpleSpy - credits to exx#9394
wait(0.1)
game:GetService("ReplicatedStorage").RemoteEvents.Jumped:FireServer()
-- Script generated by SimpleSpy - credits to exx#9394
wait(0.1)
game:GetService("ReplicatedStorage").RemoteEvents.Jumped:FireServer()
-- Script generated by SimpleSpy - credits to exx#9394
wait(0.1)
game:GetService("ReplicatedStorage").RemoteEvents.Jumped:FireServer()
-- Script generated by SimpleSpy - credits to exx#9394
wait(0.1)
game:GetService("ReplicatedStorage").RemoteEvents.Jumped:FireServer()

-- Script generated by SimpleSpy - credits to exx#9394
wait(0.1)
game:GetService("ReplicatedStorage").RemoteEvents.Jumped:FireServer()

-- Script generated by SimpleSpy - credits to exx#9394
wait(0.1)
game:GetService("ReplicatedStorage").RemoteEvents.Jumped:FireServer()

-- Script generated by SimpleSpy - credits to exx#9394
wait(0.1)
game:GetService("ReplicatedStorage").RemoteEvents.Jumped:FireServer()
end)


Section:NewButton("fake jump", "call 911", function()
    game:GetService"Players".LocalPlayer.Character:FindFirstChildOfClass'Humanoid':ChangeState("Jumping")
end)


Section:NewButton("scam board 5", "he has me in his........", function()
    -- Script generated by SimpleSpy - credits to exx#9394

local args = {
    [1] = "Toilet Rainbow"
}

game:GetService("ReplicatedStorage").RemoteEvents.Equip:FireServer(unpack(args))
wait(0.1)
game.Players.LocalPlayer.Character.HumanoidRootPart.CFrame = CFrame.new(228.48439, 20.0179653, -238.858124, -0.998361588, -0.00105666625, -0.0572132953, -5.82076609e-11, 0.999829531, -0.0184657443, 0.0572230555, -0.0184354875, -0.998191357)
wait(0.1)

game:GetService("ReplicatedStorage").RemoteEvents.Jumped:FireServer()

wait(0.1)

game:GetService("ReplicatedStorage").RemoteEvents.Jumped:FireServer()


wait(0.3)
game.Players.LocalPlayer.Character.HumanoidRootPart.CFrame = CFrame.new(228.895569, 20.0179405, -210.956818, -0.984806418, -0.00992263295, -0.173374221, -4.65661287e-10, 0.998366237, -0.0571389645, 0.173657939, -0.0562708005, -0.983197451)

-- Script generated by SimpleSpy - credits to exx#9394
wait(0.1)
game:GetService("ReplicatedStorage").RemoteEvents.Jumped:FireServer()

-- Script generated by SimpleSpy - credits to exx#9394
wait(0.1)
game:GetService("ReplicatedStorage").RemoteEvents.Jumped:FireServer()

-- Script generated by SimpleSpy - credits to exx#9394
wait(0.1)
game:GetService("ReplicatedStorage").RemoteEvents.Jumped:FireServer()
-- Script generated by SimpleSpy - credits to exx#9394
wait(0.1)
game:GetService("ReplicatedStorage").RemoteEvents.Jumped:FireServer()
-- Script generated by SimpleSpy - credits to exx#9394
wait(0.1)
game:GetService("ReplicatedStorage").RemoteEvents.Jumped:FireServer()
-- Script generated by SimpleSpy - credits to exx#9394
wait(0.1)
game:GetService("ReplicatedStorage").RemoteEvents.Jumped:FireServer()

-- Script generated by SimpleSpy - credits to exx#9394
wait(0.1)
game:GetService("ReplicatedStorage").RemoteEvents.Jumped:FireServer()

-- Script generated by SimpleSpy - credits to exx#9394
wait(0.1)
game:GetService("ReplicatedStorage").RemoteEvents.Jumped:FireServer()

-- Script generated by SimpleSpy - credits to exx#9394
wait(0.1)
game:GetService("ReplicatedStorage").RemoteEvents.Jumped:FireServer()
end)

Section:NewButton("fake jump", "cant talk anymore", function()
    game:GetService"Players".LocalPlayer.Character:FindFirstChildOfClass'Humanoid':ChangeState("Jumping")
end)


Section:NewButton("scam board 6", ".....", function()
    -- Script generated by SimpleSpy - credits to exx#9394

local args = {
    [1] = "Toilet Rainbow"
}

game:GetService("ReplicatedStorage").RemoteEvents.Equip:FireServer(unpack(args))
wait(0.1)
game.Players.LocalPlayer.Character.HumanoidRootPart.CFrame = CFrame.new(69.816925, 20.0179672, -325.45224, -0.999921024, -0.000664792489, -0.012560931, 5.82076609e-11, 0.99860239, -0.0528514497, 0.0125785107, -0.0528472699, -0.998523533)
wait(0.1)

game:GetService("ReplicatedStorage").RemoteEvents.Jumped:FireServer()

wait(0.1)

game:GetService("ReplicatedStorage").RemoteEvents.Jumped:FireServer()


wait(0.3)
game.Players.LocalPlayer.Character.HumanoidRootPart.CFrame = CFrame.new(69.5507126, 19.8179607, -297.729034, -0.998938262, -5.84003355e-05, -0.0460729934, 5.45696821e-12, 0.999999225, -0.00126756041, 0.0460730307, -0.00126621441, -0.998937488)

-- Script generated by SimpleSpy - credits to exx#9394
wait(0.1)
game:GetService("ReplicatedStorage").RemoteEvents.Jumped:FireServer()

-- Script generated by SimpleSpy - credits to exx#9394
wait(0.1)
game:GetService("ReplicatedStorage").RemoteEvents.Jumped:FireServer()

-- Script generated by SimpleSpy - credits to exx#9394
wait(0.1)
game:GetService("ReplicatedStorage").RemoteEvents.Jumped:FireServer()
-- Script generated by SimpleSpy - credits to exx#9394
wait(0.1)
game:GetService("ReplicatedStorage").RemoteEvents.Jumped:FireServer()
-- Script generated by SimpleSpy - credits to exx#9394
wait(0.1)
game:GetService("ReplicatedStorage").RemoteEvents.Jumped:FireServer()
-- Script generated by SimpleSpy - credits to exx#9394
wait(0.1)
game:GetService("ReplicatedStorage").RemoteEvents.Jumped:FireServer()

-- Script generated by SimpleSpy - credits to exx#9394
wait(0.1)
game:GetService("ReplicatedStorage").RemoteEvents.Jumped:FireServer()

-- Script generated by SimpleSpy - credits to exx#9394
wait(0.1)
game:GetService("ReplicatedStorage").RemoteEvents.Jumped:FireServer()

-- Script generated by SimpleSpy - credits to exx#9394
wait(0.1)
game:GetService("ReplicatedStorage").RemoteEvents.Jumped:FireServer()
end)


Section:NewButton("fake jump", "......", function()
    game:GetService"Players".LocalPlayer.Character:FindFirstChildOfClass'Humanoid':ChangeState("Jumping")
end)


Section:NewButton("scam board 7", ".....", function()
    -- Script generated by SimpleSpy - credits to exx#9394

local args = {
    [1] = "Toilet Rainbow"
}

game:GetService("ReplicatedStorage").RemoteEvents.Equip:FireServer(unpack(args))
wait(0.1)
game.Players.LocalPlayer.Character.HumanoidRootPart.CFrame = CFrame.new(110.018608, 20.0179653, -327.001312, -0.999921143, 0.00170968648, -0.0124609582, -1.16415322e-10, 0.990718424, 0.135930017, 0.0125776995, 0.135919258, -0.990640283)
wait(0.1)

game:GetService("ReplicatedStorage").RemoteEvents.Jumped:FireServer()

wait(0.1)

game:GetService("ReplicatedStorage").RemoteEvents.Jumped:FireServer()


wait(0.3)
game.Players.LocalPlayer.Character.HumanoidRootPart.CFrame = CFrame.new(108.916725, 20.0164566, -297.234528, -0.96240443, 0.0299695972, -0.269962043, 0, 0.993894279, 0.110336289, 0.271620482, 0.106188133, -0.956528306)

-- Script generated by SimpleSpy - credits to exx#9394
wait(0.1)
game:GetService("ReplicatedStorage").RemoteEvents.Jumped:FireServer()

-- Script generated by SimpleSpy - credits to exx#9394
wait(0.1)
game:GetService("ReplicatedStorage").RemoteEvents.Jumped:FireServer()

-- Script generated by SimpleSpy - credits to exx#9394
wait(0.1)
game:GetService("ReplicatedStorage").RemoteEvents.Jumped:FireServer()
-- Script generated by SimpleSpy - credits to exx#9394
wait(0.1)
game:GetService("ReplicatedStorage").RemoteEvents.Jumped:FireServer()
-- Script generated by SimpleSpy - credits to exx#9394
wait(0.1)
game:GetService("ReplicatedStorage").RemoteEvents.Jumped:FireServer()
-- Script generated by SimpleSpy - credits to exx#9394
wait(0.1)
game:GetService("ReplicatedStorage").RemoteEvents.Jumped:FireServer()

-- Script generated by SimpleSpy - credits to exx#9394
wait(0.1)
game:GetService("ReplicatedStorage").RemoteEvents.Jumped:FireServer()

-- Script generated by SimpleSpy - credits to exx#9394
wait(0.1)
game:GetService("ReplicatedStorage").RemoteEvents.Jumped:FireServer()

-- Script generated by SimpleSpy - credits to exx#9394
wait(0.1)
game:GetService("ReplicatedStorage").RemoteEvents.Jumped:FireServer()
end)


Section:NewButton("fake jump", "...", function()
    game:GetService"Players".LocalPlayer.Character:FindFirstChildOfClass'Humanoid':ChangeState("Jumping")
end)


Section:NewButton("scam board 8", "..", function()
    -- Script generated by SimpleSpy - credits to exx#9394

local args = {
    [1] = "Toilet Rainbow"
}

game:GetService("ReplicatedStorage").RemoteEvents.Equip:FireServer(unpack(args))
wait(0.1)
game.Players.LocalPlayer.Character.HumanoidRootPart.CFrame = CFrame.new(147.949707, 20.017868, -326.285065, -0.998806655, -0.00497072609, 0.0485854447, -1.39698386e-09, 0.994807184, 0.101777658, -0.048839055, 0.101656199, -0.993620038)
wait(0.1)

game:GetService("ReplicatedStorage").RemoteEvents.Jumped:FireServer()

wait(0.1)

game:GetService("ReplicatedStorage").RemoteEvents.Jumped:FireServer()


wait(0.3)
game.Players.LocalPlayer.Character.HumanoidRootPart.CFrame = CFrame.new(149.217896, 20.017355, -296.687927, -0.990071714, 0.0209020749, -0.139000505, -9.31322575e-10, 0.988882005, 0.148702264, 0.140563279, 0.147225916, -0.979064107)

-- Script generated by SimpleSpy - credits to exx#9394
wait(0.1)
game:GetService("ReplicatedStorage").RemoteEvents.Jumped:FireServer()

-- Script generated by SimpleSpy - credits to exx#9394
wait(0.1)
game:GetService("ReplicatedStorage").RemoteEvents.Jumped:FireServer()

-- Script generated by SimpleSpy - credits to exx#9394
wait(0.1)
game:GetService("ReplicatedStorage").RemoteEvents.Jumped:FireServer()
-- Script generated by SimpleSpy - credits to exx#9394
wait(0.1)
game:GetService("ReplicatedStorage").RemoteEvents.Jumped:FireServer()
-- Script generated by SimpleSpy - credits to exx#9394
wait(0.1)
game:GetService("ReplicatedStorage").RemoteEvents.Jumped:FireServer()
-- Script generated by SimpleSpy - credits to exx#9394
wait(0.1)
game:GetService("ReplicatedStorage").RemoteEvents.Jumped:FireServer()

-- Script generated by SimpleSpy - credits to exx#9394
wait(0.1)
game:GetService("ReplicatedStorage").RemoteEvents.Jumped:FireServer()

-- Script generated by SimpleSpy - credits to exx#9394
wait(0.1)
game:GetService("ReplicatedStorage").RemoteEvents.Jumped:FireServer()

-- Script generated by SimpleSpy - credits to exx#9394
wait(0.1)
game:GetService("ReplicatedStorage").RemoteEvents.Jumped:FireServer()
end)


Section:NewButton("fake jump", ".", function()
    game:GetService"Players".LocalPlayer.Character:FindFirstChildOfClass'Humanoid':ChangeState("Jumping")
end)


Section:NewButton("scam board 9", "ButtonInfo", function()
    -- Script generated by SimpleSpy - credits to exx#9394

local args = {
    [1] = "Toilet Rainbow"
}

game:GetService("ReplicatedStorage").RemoteEvents.Equip:FireServer(unpack(args))
wait(0.1)
game.Players.LocalPlayer.Character.HumanoidRootPart.CFrame = CFrame.new(188.330261, 20.0179653, -326.539917, -0.998806357, -0.00350628584, 0.0487186946, -2.32830644e-10, 0.997420192, 0.0717843473, -0.0488447063, 0.0716986656, -0.996229649)
wait(0.1)

game:GetService("ReplicatedStorage").RemoteEvents.Jumped:FireServer()

wait(0.1)

game:GetService("ReplicatedStorage").RemoteEvents.Jumped:FireServer()


wait(0.3)
game.Players.LocalPlayer.Character.HumanoidRootPart.CFrame = CFrame.new(189.094635, 20.0164566, -296.511414, -0.981759608, 0.0514398739, -0.183037028, 1.86264515e-09, 0.962704778, 0.270554096, 0.190127894, 0.26561901, -0.945144713)

-- Script generated by SimpleSpy - credits to exx#9394
wait(0.1)
game:GetService("ReplicatedStorage").RemoteEvents.Jumped:FireServer()

-- Script generated by SimpleSpy - credits to exx#9394
wait(0.1)
game:GetService("ReplicatedStorage").RemoteEvents.Jumped:FireServer()

-- Script generated by SimpleSpy - credits to exx#9394
wait(0.1)
game:GetService("ReplicatedStorage").RemoteEvents.Jumped:FireServer()
-- Script generated by SimpleSpy - credits to exx#9394
wait(0.1)
game:GetService("ReplicatedStorage").RemoteEvents.Jumped:FireServer()
-- Script generated by SimpleSpy - credits to exx#9394
wait(0.1)
game:GetService("ReplicatedStorage").RemoteEvents.Jumped:FireServer()
-- Script generated by SimpleSpy - credits to exx#9394
wait(0.1)
game:GetService("ReplicatedStorage").RemoteEvents.Jumped:FireServer()

-- Script generated by SimpleSpy - credits to exx#9394
wait(0.1)
game:GetService("ReplicatedStorage").RemoteEvents.Jumped:FireServer()

-- Script generated by SimpleSpy - credits to exx#9394
wait(0.1)
game:GetService("ReplicatedStorage").RemoteEvents.Jumped:FireServer()

-- Script generated by SimpleSpy - credits to exx#9394
wait(0.1)
game:GetService("ReplicatedStorage").RemoteEvents.Jumped:FireServer()
end)


Section:NewButton("fake jump", "he is here", function()
    game:GetService"Players".LocalPlayer.Character:FindFirstChildOfClass'Humanoid':ChangeState("Jumping")
end)


Section:NewButton("scam board 10", "scam people", function()
    -- Script generated by SimpleSpy - credits to exx#9394

local args = {
    [1] = "Toilet Rainbow"
}

game:GetService("ReplicatedStorage").RemoteEvents.Equip:FireServer(unpack(args))
wait(0.1)
game.Players.LocalPlayer.Character.HumanoidRootPart.CFrame = CFrame.new(228.656097, 20.0176086, -326.692322, -0.999882221, -0.00129942014, 0.015296137, 2.91038305e-10, 0.996411085, 0.0846460089, -0.0153512303, 0.08463604, -0.996293783)
wait(0.1)

game:GetService("ReplicatedStorage").RemoteEvents.Jumped:FireServer()

wait(0.1)

game:GetService("ReplicatedStorage").RemoteEvents.Jumped:FireServer()


wait(0.3)
game.Players.LocalPlayer.Character.HumanoidRootPart.CFrame = CFrame.new(229.567261, 20.0159206, -296.832336, -0.99766016, 0.0136407139, -0.0669954717, 0, 0.979895175, 0.199513033, 0.0683700442, 0.19904618, -0.977602422)

-- Script generated by SimpleSpy - credits to exx#9394
wait(0.1)
game:GetService("ReplicatedStorage").RemoteEvents.Jumped:FireServer()

-- Script generated by SimpleSpy - credits to exx#9394
wait(0.1)
game:GetService("ReplicatedStorage").RemoteEvents.Jumped:FireServer()

-- Script generated by SimpleSpy - credits to exx#9394
wait(0.1)
game:GetService("ReplicatedStorage").RemoteEvents.Jumped:FireServer()
-- Script generated by SimpleSpy - credits to exx#9394
wait(0.1)
game:GetService("ReplicatedStorage").RemoteEvents.Jumped:FireServer()
-- Script generated by SimpleSpy - credits to exx#9394
wait(0.1)
game:GetService("ReplicatedStorage").RemoteEvents.Jumped:FireServer()
-- Script generated by SimpleSpy - credits to exx#9394
wait(0.1)
game:GetService("ReplicatedStorage").RemoteEvents.Jumped:FireServer()

-- Script generated by SimpleSpy - credits to exx#9394
wait(0.1)
game:GetService("ReplicatedStorage").RemoteEvents.Jumped:FireServer()

-- Script generated by SimpleSpy - credits to exx#9394
wait(0.1)
game:GetService("ReplicatedStorage").RemoteEvents.Jumped:FireServer()

-- Script generated by SimpleSpy - credits to exx#9394
wait(0.1)
game:GetService("ReplicatedStorage").RemoteEvents.Jumped:FireServer()
end)


local Section = Tab:NewSection("scam right side")


Section:NewButton("scam board 1 backside", "right side", function()
    -- Script generated by SimpleSpy - credits to exx#9394

local args = {
    [1] = "Toilet Rainbow"
}

game:GetService("ReplicatedStorage").RemoteEvents.Equip:FireServer(unpack(args))
wait(0.1)
game.Players.LocalPlayer.Character.HumanoidRootPart.CFrame = CFrame.new(53.8331337, 20.0179653, -208.973526, 0.993843555, -0.00868803263, 0.110451579, 4.65661287e-10, 0.996920645, 0.0784169734, -0.110792756, -0.0779342055, 0.990783155)
wait(0.1)

game:GetService("ReplicatedStorage").RemoteEvents.Jumped:FireServer()

wait(0.1)

game:GetService("ReplicatedStorage").RemoteEvents.Jumped:FireServer()


wait(0.3)
game.Players.LocalPlayer.Character.HumanoidRootPart.CFrame = CFrame.new(53.1809196, 19.6179619, -236.593231, 0.999980152, 0.000352020899, 0.00629157992, -1.45519152e-11, 0.998438418, -0.0558637418, -0.00630142028, 0.0558626316, 0.99841857)

-- Script generated by SimpleSpy - credits to exx#9394
wait(0.1)
game:GetService("ReplicatedStorage").RemoteEvents.Jumped:FireServer()

-- Script generated by SimpleSpy - credits to exx#9394
wait(0.1)
game:GetService("ReplicatedStorage").RemoteEvents.Jumped:FireServer()

-- Script generated by SimpleSpy - credits to exx#9394
wait(0.1)
game:GetService("ReplicatedStorage").RemoteEvents.Jumped:FireServer()
-- Script generated by SimpleSpy - credits to exx#9394
wait(0.1)
game:GetService("ReplicatedStorage").RemoteEvents.Jumped:FireServer()
-- Script generated by SimpleSpy - credits to exx#9394
wait(0.1)
game:GetService("ReplicatedStorage").RemoteEvents.Jumped:FireServer()
-- Script generated by SimpleSpy - credits to exx#9394
wait(0.1)
game:GetService("ReplicatedStorage").RemoteEvents.Jumped:FireServer()

-- Script generated by SimpleSpy - credits to exx#9394
wait(0.1)
game:GetService("ReplicatedStorage").RemoteEvents.Jumped:FireServer()

-- Script generated by SimpleSpy - credits to exx#9394
wait(0.1)
game:GetService("ReplicatedStorage").RemoteEvents.Jumped:FireServer()

-- Script generated by SimpleSpy - credits to exx#9394
wait(0.1)
game:GetService("ReplicatedStorage").RemoteEvents.Jumped:FireServer()
end)


Section:NewButton("scam board 2 backside", "backside", function()
    -- Script generated by SimpleSpy - credits to exx#9394

local args = {
    [1] = "Toilet Rainbow"
}

game:GetService("ReplicatedStorage").RemoteEvents.Equip:FireServer(unpack(args))
wait(0.1)
game.Players.LocalPlayer.Character.HumanoidRootPart.CFrame = CFrame.new(93.3010788, 20.0179653, -210.324493, 0.99930346, -0.00208475511, -0.0372588374, -4.65661287e-10, 0.998438299, -0.0558659397, 0.0373171158, 0.0558270253, 0.997742832)
wait(0.1)

game:GetService("ReplicatedStorage").RemoteEvents.Jumped:FireServer()

wait(0.1)

game:GetService("ReplicatedStorage").RemoteEvents.Jumped:FireServer()


wait(0.3)
game.Players.LocalPlayer.Character.HumanoidRootPart.CFrame = CFrame.new(93.3126755, 19.6179619, -236.436264, 0.99980253, -0.00137662818, -0.0198231563, -5.82076609e-11, 0.997597337, -0.0692786127, 0.0198708996, 0.0692649335, 0.997400343)

-- Script generated by SimpleSpy - credits to exx#9394
wait(0.1)
game:GetService("ReplicatedStorage").RemoteEvents.Jumped:FireServer()

-- Script generated by SimpleSpy - credits to exx#9394
wait(0.1)
game:GetService("ReplicatedStorage").RemoteEvents.Jumped:FireServer()

-- Script generated by SimpleSpy - credits to exx#9394
wait(0.1)
game:GetService("ReplicatedStorage").RemoteEvents.Jumped:FireServer()
-- Script generated by SimpleSpy - credits to exx#9394
wait(0.1)
game:GetService("ReplicatedStorage").RemoteEvents.Jumped:FireServer()
-- Script generated by SimpleSpy - credits to exx#9394
wait(0.1)
game:GetService("ReplicatedStorage").RemoteEvents.Jumped:FireServer()
-- Script generated by SimpleSpy - credits to exx#9394
wait(0.1)
game:GetService("ReplicatedStorage").RemoteEvents.Jumped:FireServer()

-- Script generated by SimpleSpy - credits to exx#9394
wait(0.1)
game:GetService("ReplicatedStorage").RemoteEvents.Jumped:FireServer()

-- Script generated by SimpleSpy - credits to exx#9394
wait(0.1)
game:GetService("ReplicatedStorage").RemoteEvents.Jumped:FireServer()

-- Script generated by SimpleSpy - credits to exx#9394
wait(0.1)
game:GetService("ReplicatedStorage").RemoteEvents.Jumped:FireServer()
end)


Section:NewButton("scam board 3 backside", "backside", function()
    -- Script generated by SimpleSpy - credits to exx#9394

local args = {
    [1] = "Toilet Rainbow"
}

game:GetService("ReplicatedStorage").RemoteEvents.Equip:FireServer(unpack(args))
wait(0.1)
game.Players.LocalPlayer.Character.HumanoidRootPart.CFrame = CFrame.new(133.928452, 20.0179653, -210.668839, 0.999980092, -2.88989959e-05, 0.00630879449, 0, 0.99998951, 0.0045807003, -0.00630886061, -0.00458060903, 0.999969602)
wait(0.1)

game:GetService("ReplicatedStorage").RemoteEvents.Jumped:FireServer()

wait(0.1)

game:GetService("ReplicatedStorage").RemoteEvents.Jumped:FireServer()


wait(0.3)
game.Players.LocalPlayer.Character.HumanoidRootPart.CFrame = CFrame.new(133.425003, 19.6179619, -236.651306, 0.99930352, -0.00133323332, -0.0372915864, 1.16415322e-10, 0.999361515, -0.0357287601, 0.0373154134, 0.0357038751, 0.998665512)

-- Script generated by SimpleSpy - credits to exx#9394
wait(0.1)
game:GetService("ReplicatedStorage").RemoteEvents.Jumped:FireServer()

-- Script generated by SimpleSpy - credits to exx#9394
wait(0.1)
game:GetService("ReplicatedStorage").RemoteEvents.Jumped:FireServer()

-- Script generated by SimpleSpy - credits to exx#9394
wait(0.1)
game:GetService("ReplicatedStorage").RemoteEvents.Jumped:FireServer()
-- Script generated by SimpleSpy - credits to exx#9394
wait(0.1)
game:GetService("ReplicatedStorage").RemoteEvents.Jumped:FireServer()
-- Script generated by SimpleSpy - credits to exx#9394
wait(0.1)
game:GetService("ReplicatedStorage").RemoteEvents.Jumped:FireServer()
-- Script generated by SimpleSpy - credits to exx#9394
wait(0.1)
game:GetService("ReplicatedStorage").RemoteEvents.Jumped:FireServer()

-- Script generated by SimpleSpy - credits to exx#9394
wait(0.1)
game:GetService("ReplicatedStorage").RemoteEvents.Jumped:FireServer()

-- Script generated by SimpleSpy - credits to exx#9394
wait(0.1)
game:GetService("ReplicatedStorage").RemoteEvents.Jumped:FireServer()

-- Script generated by SimpleSpy - credits to exx#9394
wait(0.1)
game:GetService("ReplicatedStorage").RemoteEvents.Jumped:FireServer()
end)


Section:NewButton("scam board 4 backside", "backside", function()
    -- Script generated by SimpleSpy - credits to exx#9394

local args = {
    [1] = "Toilet Rainbow"
}

game:GetService("ReplicatedStorage").RemoteEvents.Equip:FireServer(unpack(args))
wait(0.1)
game.Players.LocalPlayer.Character.HumanoidRootPart.CFrame = CFrame.new(173.334564, 20.0179653, -210.300217, 0.99933964, 0.00862885267, -0.035296727, -4.65661287e-10, 0.971394181, 0.237472937, 0.03633615, -0.237316117, 0.970752656)
wait(0.1)

game:GetService("ReplicatedStorage").RemoteEvents.Jumped:FireServer()

wait(0.1)

game:GetService("ReplicatedStorage").RemoteEvents.Jumped:FireServer()


wait(0.3)
game.Players.LocalPlayer.Character.HumanoidRootPart.CFrame = CFrame.new(173.656555, 19.6179619, -236.407059, 0.999821603, -0.00156173902, -0.0188245066, 1.16415322e-10, 0.99657625, -0.0826790333, 0.0188891776, 0.0826642811, 0.996398449)

-- Script generated by SimpleSpy - credits to exx#9394
wait(0.1)
game:GetService("ReplicatedStorage").RemoteEvents.Jumped:FireServer()

-- Script generated by SimpleSpy - credits to exx#9394
wait(0.1)
game:GetService("ReplicatedStorage").RemoteEvents.Jumped:FireServer()

-- Script generated by SimpleSpy - credits to exx#9394
wait(0.1)
game:GetService("ReplicatedStorage").RemoteEvents.Jumped:FireServer()
-- Script generated by SimpleSpy - credits to exx#9394
wait(0.1)
game:GetService("ReplicatedStorage").RemoteEvents.Jumped:FireServer()
-- Script generated by SimpleSpy - credits to exx#9394
wait(0.1)
game:GetService("ReplicatedStorage").RemoteEvents.Jumped:FireServer()
-- Script generated by SimpleSpy - credits to exx#9394
wait(0.1)
game:GetService("ReplicatedStorage").RemoteEvents.Jumped:FireServer()

-- Script generated by SimpleSpy - credits to exx#9394
wait(0.1)
game:GetService("ReplicatedStorage").RemoteEvents.Jumped:FireServer()

-- Script generated by SimpleSpy - credits to exx#9394
wait(0.1)
game:GetService("ReplicatedStorage").RemoteEvents.Jumped:FireServer()

-- Script generated by SimpleSpy - credits to exx#9394
wait(0.1)
game:GetService("ReplicatedStorage").RemoteEvents.Jumped:FireServer()
end)


Section:NewButton("scam board 5 backside", "backside", function()
    -- Script generated by SimpleSpy - credits to exx#9394

local args = {
    [1] = "Toilet Rainbow"
}

game:GetService("ReplicatedStorage").RemoteEvents.Equip:FireServer(unpack(args))
wait(0.1)
game.Players.LocalPlayer.Character.HumanoidRootPart.CFrame = CFrame.new(173.766815, 20.0179653, -209.500839, 0.999871731, 0.00132409006, 0.0159594081, 0, 0.996575952, -0.0826820582, -0.0160142407, 0.0826714486, 0.996448159)
wait(0.1)

game:GetService("ReplicatedStorage").RemoteEvents.Jumped:FireServer()

wait(0.1)

game:GetService("ReplicatedStorage").RemoteEvents.Jumped:FireServer()


wait(0.3)
game.Players.LocalPlayer.Character.HumanoidRootPart.CFrame = CFrame.new(173.917984, 19.8179626, -236.779495, 0.996318877, 0.00133565627, 0.0857137516, -5.82076609e-11, 0.999878585, -0.0155808609, -0.0857241526, 0.0155235063, 0.996197939)

-- Script generated by SimpleSpy - credits to exx#9394
wait(0.1)
game:GetService("ReplicatedStorage").RemoteEvents.Jumped:FireServer()

-- Script generated by SimpleSpy - credits to exx#9394
wait(0.1)
game:GetService("ReplicatedStorage").RemoteEvents.Jumped:FireServer()

-- Script generated by SimpleSpy - credits to exx#9394
wait(0.1)
game:GetService("ReplicatedStorage").RemoteEvents.Jumped:FireServer()
-- Script generated by SimpleSpy - credits to exx#9394
wait(0.1)
game:GetService("ReplicatedStorage").RemoteEvents.Jumped:FireServer()
-- Script generated by SimpleSpy - credits to exx#9394
wait(0.1)
game:GetService("ReplicatedStorage").RemoteEvents.Jumped:FireServer()
-- Script generated by SimpleSpy - credits to exx#9394
wait(0.1)
game:GetService("ReplicatedStorage").RemoteEvents.Jumped:FireServer()

-- Script generated by SimpleSpy - credits to exx#9394
wait(0.1)
game:GetService("ReplicatedStorage").RemoteEvents.Jumped:FireServer()

-- Script generated by SimpleSpy - credits to exx#9394
wait(0.1)
game:GetService("ReplicatedStorage").RemoteEvents.Jumped:FireServer()

-- Script generated by SimpleSpy - credits to exx#9394
wait(0.1)
game:GetService("ReplicatedStorage").RemoteEvents.Jumped:FireServer()
end)


Section:NewButton("fake jump", "he is here", function()
    game:GetService"Players".LocalPlayer.Character:FindFirstChildOfClass'Humanoid':ChangeState("Jumping")
end)


Section:NewButton("scam board 6 backside", "backside", function()
    -- Script generated by SimpleSpy - credits to exx#9394

local args = {
    [1] = "Toilet Rainbow"
}

game:GetService("ReplicatedStorage").RemoteEvents.Equip:FireServer(unpack(args))
wait(0.1)
game.Players.LocalPlayer.Character.HumanoidRootPart.CFrame = CFrame.new(53.1355362, 20.0179653, -295.060394, 0.992370248, 0.0219867863, -0.1213172, -2.79396772e-09, 0.98397094, 0.178328842, 0.123293482, -0.176968247, 0.976463497)
wait(0.1)

game:GetService("ReplicatedStorage").RemoteEvents.Jumped:FireServer()

wait(0.1)

game:GetService("ReplicatedStorage").RemoteEvents.Jumped:FireServer()


wait(0.3)
game.Players.LocalPlayer.Character.HumanoidRootPart.CFrame = CFrame.new(53.33461, 19.6179619, -322.632111, 0.998553395, -0.00444547366, -0.05358468, 0, 0.996576309, -0.0826776177, 0.0537687689, 0.0825580209, 0.995134711)

-- Script generated by SimpleSpy - credits to exx#9394
wait(0.1)
game:GetService("ReplicatedStorage").RemoteEvents.Jumped:FireServer()

-- Script generated by SimpleSpy - credits to exx#9394
wait(0.1)
game:GetService("ReplicatedStorage").RemoteEvents.Jumped:FireServer()

-- Script generated by SimpleSpy - credits to exx#9394
wait(0.1)
game:GetService("ReplicatedStorage").RemoteEvents.Jumped:FireServer()
-- Script generated by SimpleSpy - credits to exx#9394
wait(0.1)
game:GetService("ReplicatedStorage").RemoteEvents.Jumped:FireServer()
-- Script generated by SimpleSpy - credits to exx#9394
wait(0.1)
game:GetService("ReplicatedStorage").RemoteEvents.Jumped:FireServer()
-- Script generated by SimpleSpy - credits to exx#9394
wait(0.1)
game:GetService("ReplicatedStorage").RemoteEvents.Jumped:FireServer()

-- Script generated by SimpleSpy - credits to exx#9394
wait(0.1)
game:GetService("ReplicatedStorage").RemoteEvents.Jumped:FireServer()

-- Script generated by SimpleSpy - credits to exx#9394
wait(0.1)
game:GetService("ReplicatedStorage").RemoteEvents.Jumped:FireServer()

-- Script generated by SimpleSpy - credits to exx#9394
wait(0.1)
game:GetService("ReplicatedStorage").RemoteEvents.Jumped:FireServer()
end)


Section:NewButton("scam board 7 backside", "backside", function()
    -- Script generated by SimpleSpy - credits to exx#9394

local args = {
    [1] = "Toilet Rainbow"
}

game:GetService("ReplicatedStorage").RemoteEvents.Equip:FireServer(unpack(args))
wait(0.1)
game.Players.LocalPlayer.Character.HumanoidRootPart.CFrame = CFrame.new(93.9040527, 20.0179653, -294.707184, 0.995257795, 0.0063239038, -0.0970667303, 4.65661287e-10, 0.997884452, 0.0650122538, 0.0972725153, -0.0647039488, 0.993152261)
wait(0.1)

game:GetService("ReplicatedStorage").RemoteEvents.Jumped:FireServer()

wait(0.1)

game:GetService("ReplicatedStorage").RemoteEvents.Jumped:FireServer()


wait(0.3)
game.Players.LocalPlayer.Character.HumanoidRootPart.CFrame = CFrame.new(93.6873322, 19.8179626, -322.916229, 0.999339759, -0.00178586994, -0.0362884514, 4.07453626e-10, 0.998791218, -0.0491536856, 0.0363323726, 0.0491212308, 0.998131812)

-- Script generated by SimpleSpy - credits to exx#9394
wait(0.1)
game:GetService("ReplicatedStorage").RemoteEvents.Jumped:FireServer()

-- Script generated by SimpleSpy - credits to exx#9394
wait(0.1)
game:GetService("ReplicatedStorage").RemoteEvents.Jumped:FireServer()

-- Script generated by SimpleSpy - credits to exx#9394
wait(0.1)
game:GetService("ReplicatedStorage").RemoteEvents.Jumped:FireServer()
-- Script generated by SimpleSpy - credits to exx#9394
wait(0.1)
game:GetService("ReplicatedStorage").RemoteEvents.Jumped:FireServer()
-- Script generated by SimpleSpy - credits to exx#9394
wait(0.1)
game:GetService("ReplicatedStorage").RemoteEvents.Jumped:FireServer()
-- Script generated by SimpleSpy - credits to exx#9394
wait(0.1)
game:GetService("ReplicatedStorage").RemoteEvents.Jumped:FireServer()

-- Script generated by SimpleSpy - credits to exx#9394
wait(0.1)
game:GetService("ReplicatedStorage").RemoteEvents.Jumped:FireServer()

-- Script generated by SimpleSpy - credits to exx#9394
wait(0.1)
game:GetService("ReplicatedStorage").RemoteEvents.Jumped:FireServer()

-- Script generated by SimpleSpy - credits to exx#9394
wait(0.1)
game:GetService("ReplicatedStorage").RemoteEvents.Jumped:FireServer()
end)


Section:NewButton("scam board 8 backside", "backside", function()
    -- Script generated by SimpleSpy - credits to exx#9394

local args = {
    [1] = "Toilet Rainbow"
}

game:GetService("ReplicatedStorage").RemoteEvents.Equip:FireServer(unpack(args))
wait(0.1)
game.Players.LocalPlayer.Character.HumanoidRootPart.CFrame = CFrame.new(134.359863, 20.0179653, -295.240723, 0.997663021, -0.0210829303, 0.0649916902, 0, 0.951203287, 0.308564901, -0.0683257654, -0.307843804, 0.948980391)
wait(0.1)

game:GetService("ReplicatedStorage").RemoteEvents.Jumped:FireServer()

wait(0.1)

game:GetService("ReplicatedStorage").RemoteEvents.Jumped:FireServer()


wait(0.3)
game.Players.LocalPlayer.Character.HumanoidRootPart.CFrame = CFrame.new(133.37326, 19.6179619, -322.610657, 0.998221338, -0.00107485196, 0.0596074089, 5.82076609e-11, 0.999837458, 0.0180292539, -0.0596171021, -0.0179971866, 0.998059034)

-- Script generated by SimpleSpy - credits to exx#9394
wait(0.1)
game:GetService("ReplicatedStorage").RemoteEvents.Jumped:FireServer()

-- Script generated by SimpleSpy - credits to exx#9394
wait(0.1)
game:GetService("ReplicatedStorage").RemoteEvents.Jumped:FireServer()

-- Script generated by SimpleSpy - credits to exx#9394
wait(0.1)
game:GetService("ReplicatedStorage").RemoteEvents.Jumped:FireServer()
-- Script generated by SimpleSpy - credits to exx#9394
wait(0.1)
game:GetService("ReplicatedStorage").RemoteEvents.Jumped:FireServer()
-- Script generated by SimpleSpy - credits to exx#9394
wait(0.1)
game:GetService("ReplicatedStorage").RemoteEvents.Jumped:FireServer()
